KeyFrame: 1
CamToWorld: 
   0.999982 -0.00418592 -0.00427631   0.0296028
 0.00416596     0.99998  -0.0046663 -0.00458305
 0.00429576   0.0046484     0.99998    0.677193
          0           0           0           1

KeyFrame: 2
CamToWorld: 
   0.999966 -0.00283971 -0.00770192  0.00653308
 0.00278271    0.999969 -0.00740165  -0.0209646
  0.0077227  0.00737997    0.999943     1.36561
          0           0           0           1

KeyFrame: 3
CamToWorld: 
  0.999935 -0.0036686 -0.0107741 -0.0143967
0.00355835   0.999941 -0.0102343 -0.0373945
 0.0108111  0.0101953    0.99989    2.07194
         0          0          0          1

KeyFrame: 4
CamToWorld: 
   0.999873 -0.00224376  -0.0157739  -0.0340125
 0.00207294    0.999939  -0.0108375  -0.0632497
  0.0157973   0.0108034    0.999817     2.80207
          0           0           0           1

KeyFrame: 5
CamToWorld: 
  0.999781   -0.00265  -0.020782 -0.0475184
0.00239035   0.999919 -0.0125091 -0.0647543
 0.0208135  0.0124567   0.999706    3.56376
         0          0          0          1

KeyFrame: 6
CamToWorld: 
    0.999681   -0.0002547   -0.0252455   -0.0832028
-0.000129333     0.999884   -0.0152091   -0.0877257
   0.0252464    0.0152076     0.999566        4.302
           0            0            0            1

KeyFrame: 7
CamToWorld: 
   0.999562  0.00234734  -0.0295049   -0.121152
-0.00280985    0.999874   -0.015644   -0.124018
  0.0294645   0.0157201    0.999442     5.07208
          0           0           0           1

KeyFrame: 8
CamToWorld: 
   0.999458  0.00473601  -0.0325831   -0.179689
-0.00511139    0.999921  -0.0114469   -0.162466
  0.0325263   0.0116072    0.999403     5.83646
          0           0           0           1

KeyFrame: 9
CamToWorld: 
  0.999275 0.00368234 -0.0378948  -0.202733
-0.0038898   0.999978 -0.0054024  -0.189813
  0.037874 0.00554588   0.999267    6.63791
         0          0          0          1

KeyFrame: 10
CamToWorld: 
    0.999181   0.00348845   -0.0403199    -0.254167
  -0.0034797     0.999994  0.000287188    -0.209536
   0.0403207 -0.000146652     0.999187      7.46251
           0            0            0            1

KeyFrame: 11
CamToWorld: 
    0.999121   0.00310882   -0.0418153    -0.303054
 -0.00313395     0.999995 -0.000535481    -0.242733
   0.0418134  0.000666057     0.999125       8.2776
           0            0            0            1

KeyFrame: 12
CamToWorld: 
   0.999035  0.00274274  -0.0438425   -0.344912
-0.00279052    0.999996 -0.00102864   -0.258632
  0.0438394  0.00114999    0.999038     9.09842
          0           0           0           1

KeyFrame: 13
CamToWorld: 
    0.99896 -0.00255943  -0.0455328   -0.369978
 0.00240211    0.999991 -0.00350946   -0.254853
  0.0455414  0.00339644    0.998957     9.95563
          0           0           0           1

KeyFrame: 14
CamToWorld: 
    0.998865  -0.00241154   -0.0475727    -0.411327
  0.00239982     0.999997 -0.000303451      -0.2959
   0.0475733  0.000188941     0.998868       10.783
           0            0            0            1

KeyFrame: 15
CamToWorld: 
   0.998797 -0.00392964  -0.0488767   -0.454755
  0.0038528    0.999991 -0.00166623    -0.30166
  0.0488828  0.00147591    0.998803     11.6482
          0           0           0           1

KeyFrame: 16
CamToWorld: 
    0.998771 -6.98156e-06   -0.0495608    -0.527342
-0.000316779     0.999979  -0.00652473    -0.331829
   0.0495598   0.00653241      0.99875      12.4999
           0            0            0            1

KeyFrame: 17
CamToWorld: 
   0.998732 0.000836229  -0.0503366   -0.587705
-0.00150943     0.99991  -0.0133374   -0.346775
  0.0503209   0.0133965    0.998643     13.3585
          0           0           0           1

KeyFrame: 18
CamToWorld: 
   0.998717  0.00861361  -0.0499007   -0.683191
-0.00945809    0.999816  -0.0167117   -0.374963
  0.0497475   0.0171623    0.998614     14.2264
          0           0           0           1

KeyFrame: 19
CamToWorld: 
  0.998692  0.0104954 -0.0500464  -0.748977
-0.0113028    0.99981 -0.0158779  -0.401225
 0.0498702  0.0164228   0.998621    15.1121
         0          0          0          1

KeyFrame: 20
CamToWorld: 
   0.998626  0.00884454  -0.0516427   -0.798648
-0.00944942    0.999889  -0.0114803   -0.444976
  0.0515355   0.0119525      0.9986     16.0097
          0           0           0           1

KeyFrame: 21
CamToWorld: 
   0.998566   0.0100047  -0.0525885   -0.859097
 -0.0104349    0.999914 -0.00791274    -0.47138
  0.0525048  0.00845015    0.998585      16.926
          0           0           0           1

KeyFrame: 22
CamToWorld: 
   0.998513  0.00843364  -0.0538516   -0.906679
-0.00881355    0.999938 -0.00682108   -0.510282
  0.0537908  0.00728557    0.998526      17.839
          0           0           0           1

KeyFrame: 23
CamToWorld: 
   0.998428  0.00777176  -0.0555134   -0.955752
-0.00823404    0.999933 -0.00810347   -0.552658
  0.0554467  0.00854783    0.998425     18.7317
          0           0           0           1

KeyFrame: 24
CamToWorld: 
   0.998295  0.00409626  -0.0582269   -0.978722
-0.00468096     0.99994 -0.00990884   -0.574577
  0.0581829   0.0101645    0.998254     19.6474
          0           0           0           1

KeyFrame: 25
CamToWorld: 
   0.998271  0.00409299  -0.0586327    -1.03119
 -0.0043647     0.99998 -0.00450672   -0.615782
  0.0586131  0.00475484    0.998269     20.5848
          0           0           0           1

KeyFrame: 26
CamToWorld: 
   0.998257  0.00650334  -0.0586621    -1.09287
-0.00624329     0.99997  0.00461514   -0.663179
  0.0586903 -0.00424085    0.998267     21.5161
          0           0           0           1

KeyFrame: 27
CamToWorld: 
   0.998292  0.00765109  -0.0579148    -1.15121
-0.00691923    0.999894   0.0128268   -0.673922
  0.0580068  -0.0124042    0.998239      22.463
          0           0           0           1

KeyFrame: 28
CamToWorld: 
   0.998359  0.00624925  -0.0569189    -1.19524
-0.00511419    0.999786   0.0200654   -0.694435
  0.0570321  -0.0197414    0.998177      23.413
          0           0           0           1

KeyFrame: 29
CamToWorld: 
  0.998427 0.00621661  -0.055721   -1.24867
 -0.004954   0.999729   0.022769  -0.708021
 0.0558474 -0.0224571   0.998187    24.3738
         0          0          0          1

KeyFrame: 30
CamToWorld: 
   0.998551  0.00800004  -0.0532231     -1.3213
-0.00716738    0.999849   0.0158171   -0.711064
  0.0533416  -0.0154127    0.998457     25.3253
          0           0           0           1

KeyFrame: 31
CamToWorld: 
   0.998608  0.00968271  -0.0518569    -1.38908
-0.00951435    0.999949  0.00349243    -0.70027
   0.051888 -0.00299419    0.998648     26.2931
          0           0           0           1

KeyFrame: 32
CamToWorld: 
   0.998646  0.00867009  -0.0512855    -1.42955
-0.00887608    0.999953 -0.00379007   -0.710246
  0.0512503  0.00424016    0.998677     27.2477
          0           0           0           1

KeyFrame: 33
CamToWorld: 
   0.998662  0.00536952  -0.0514288    -1.45824
-0.00547782    0.999983 -0.00196511   -0.717204
  0.0514173   0.0022442    0.998675     28.2602
          0           0           0           1

KeyFrame: 34
CamToWorld: 
    0.998644   0.00116715    -0.052037     -1.49268
-0.000670045     0.999954   0.00956927    -0.720257
   0.0520458  -0.00952143     0.998599      29.2972
           0            0            0            1

KeyFrame: 35
CamToWorld: 
   0.998447 -0.00544565  -0.0554482    -1.48846
 0.00646846    0.999812   0.0182834   -0.746659
  0.0553382  -0.0186137    0.998294     30.3053
          0           0           0           1

KeyFrame: 36
CamToWorld: 
  0.998132 -0.0194431 -0.0579261   -1.48585
 0.0204489   0.999649  0.0168231  -0.750169
 0.0575787 -0.0179762   0.998179    31.3058
         0          0          0          1

KeyFrame: 37
CamToWorld: 
   0.998002  -0.0218773  -0.0592777    -1.54274
  0.0223319    0.999726  0.00701873   -0.743586
   0.059108 -0.00832849    0.998217     32.2986
          0           0           0           1

KeyFrame: 38
CamToWorld: 
    0.997951   -0.0220056   -0.0600762     -1.61296
   0.0219909     0.999758