KeyFrame: 1
CamToWorld: 
    0.999983 -0.000278213  -0.00589564   -0.0100857
 0.000285201     0.999999    0.0011846   -0.0159198
  0.00589531  -0.00118626     0.999982    0.0890968
           0            0            0            1

KeyFrame: 2
CamToWorld: 
    0.999912  0.000575965   -0.0132699     -0.01107
-0.000543099     0.999997    0.0024802   -0.0354043
   0.0132713  -0.00247277     0.999909     0.178654
           0            0            0            1

KeyFrame: 3
CamToWorld: 
   0.999797  0.00187941  -0.0200463  -0.0329215
-0.00185325    0.999997  0.00132318  -0.0308456
  0.0200487 -0.00128576    0.999798    0.273867
          0           0           0           1

KeyFrame: 4
CamToWorld: 
   0.999559  0.00316969  -0.0295104  -0.0425341
-0.00324616    0.999991 -0.00254364  -0.0215876
  0.0295021  0.00263831    0.999561     0.36549
          0           0           0           1

KeyFrame: 5
CamToWorld: 
   0.999198  0.00368522  -0.0398811  -0.0636896
-0.00397506    0.999966 -0.00719089 -0.00895982
  0.0398532  0.00734364    0.999179    0.481463
          0           0           0           1

KeyFrame: 6
CamToWorld: 
   0.998495  0.00311989  -0.0547452  -0.0655291
-0.00354584    0.999964 -0.00768514  -0.0267133
  0.0547193   0.0078677    0.998471    0.610934
          0           0           0           1

KeyFrame: 7
CamToWorld: 
   0.997505  0.00300204  -0.0705332  -0.0969488
-0.00351813    0.999968 -0.00719389  -0.0323545
  0.0705093  0.00742408    0.997483    0.738252
          0           0           0           1

KeyFrame: 8
CamToWorld: 
    0.995962 -6.40849e-05   -0.0897776    -0.108786
-0.000567781     0.999975  -0.00701257   -0.0309522
   0.0897758   0.00703522     0.995937     0.899948
           0            0            0            1

KeyFrame: 9
CamToWorld: 
    0.99398 -0.00176903   -0.109548   -0.144466
0.000999982    0.999974 -0.00707471  -0.0383788
   0.109558  0.00692257    0.993956     1.05287
          0           0           0           1

KeyFrame: 10
CamToWorld: 
   0.991064 -0.00346165    -0.13334    -0.15972
 0.00263064    0.999976 -0.00640794  -0.0632122
   0.133359  0.00599991     0.99105     1.22065
          0           0           0           1

KeyFrame: 11
CamToWorld: 
   0.987687  0.00344423   -0.156404   -0.231345
-0.00511605    0.999934  -0.0102878  -0.0611607
   0.156359   0.0109613     0.98764      1.3842
          0           0           0           1

KeyFrame: 12
CamToWorld: 
  0.983433 0.00972443  -0.181012  -0.316066
-0.0121291   0.999852 -0.0121825 -0.0972092
  0.180867  0.0141762   0.983405    1.57279
         0          0          0          1

KeyFrame: 13
CamToWorld: 
  0.978183  0.0147001  -0.207225  -0.399297
-0.0180528   0.999735  -0.014297  -0.107452
   0.20696  0.0177261   0.978189    1.74831
         0          0          0          1

KeyFrame: 14
CamToWorld: 
  0.971086  0.0140228  -0.238318  -0.438312
-0.0178272   0.999746 -0.0138156  -0.135417
  0.238064  0.0176647   0.971089    1.93253
         0          0          0          1

KeyFrame: 15
CamToWorld: 
  0.963345  0.0161329   -0.26778  -0.544531
 -0.020376   0.999707 -0.0130741  -0.138996
   0.26749  0.0180512   0.963391     2.1235
         0          0          0          1

KeyFrame: 16
CamToWorld: 
  0.953758  0.0183845  -0.300012  -0.626362
-0.0228335   0.999675 -0.0113298  -0.140263
  0.299707  0.0176563   0.953868     2.3048
         0          0          0          1

KeyFrame: 17
CamToWorld: 
   0.942828   0.0221743   -0.332542   -0.759127
 -0.0268841    0.999593 -0.00956802   -0.131976
   0.332195   0.0179611     0.94304     2.51338
          0           0           0           1

KeyFrame: 18
CamToWorld: 
   0.930708   0.0255022   -0.364872   -0.883228
 -0.0309286    0.999481 -0.00903483   -0.139649
   0.364452   0.0196938    0.931014     2.68255
          0           0           0           1

KeyFrame: 19
CamToWorld: 
   0.917426   0.0278854   -0.396928    -1.01655
 -0.0345655    0.999355 -0.00968404   -0.122363
   0.396402   0.0226044    0.917799     2.85472
          0           0           0           1

KeyFrame: 20
CamToWorld: 
 0.901762 0.0266349 -0.431412    -1.139
-0.034402  0.999356  -0.01021 -0.103853
 0.430862 0.0240484  0.902097   3.03031
        0         0         0         1

KeyFrame: 21
CamToWorld: 
   0.88284  0.0194997   -0.46927    -1.2285
-0.0288784   0.999501 -0.0127964  -0.107142
  0.468786   0.024849   0.882962    3.20123
         0          0          0          1

KeyFrame: 22
CamToWorld: 
  0.861253  0.0135195  -0.507997    -1.3334
-0.0236654   0.999629 -0.0135186   -0.13315
  0.507625  0.0236649   0.861253    3.36418
         0          0          0          1

KeyFrame: 23
CamToWorld: 
   0.836446   0.0191085   -0.547716    -1.50422
   -0.02505    0.999681 -0.00337861   -0.175013
   0.547476   0.0165463    0.836658     3.55512
          0           0           0           1

KeyFrame: 24
CamToWorld: 
  0.807876  0.0275995  -0.588706     -1.736
-0.0320662   0.999482 0.00285316  -0.156762
  0.588479  0.0165725   0.808343    3.76509
         0          0          0          1

KeyFrame: 25
CamToWorld: 
  0.775656  0.0336244   -0.63026   -1.93175
-0.0380942   0.999253 0.00642789  -0.171923
  0.630005  0.0190234   0.776358    3.90864
         0          0          0          1

KeyFrame: 26
CamToWorld: 
  0.739405  0.0316765  -0.672515   -2.13901
-0.0363601   0.999314 0.00709273  -0.171828
  0.672278  0.0192083   0.740049    4.09086
         0          0          0          1

KeyFrame: 27
CamToWorld: 
  0.698453  0.0236658  -0.715264   -2.34126
-0.0252476   0.999646 0.00842081  -0.166931
   0.71521  0.0121772   0.698804    4.29975
         0          0          0          1

KeyFrame: 28
CamToWorld: 
  0.653671  0.0190487  -0.756539   -2.56284
-0.0190171   0.999781 0.00874187  -0.170063
   0.75654 0.00867288    0.65389    4.48746
         0          0          0          1

KeyFrame: 29
CamToWorld: 
  0.606969  0.0182958  -0.794515   -2.81584
-0.0149165   0.999821  0.0116281   -0.15714
  0.794585 0.00479346   0.607134    4.67654
         0          0          0          1

KeyFrame: 30
CamToWorld: 
   0.560434   0.0194199   -0.827972    -3.09376
 -0.0113941    0.999811   0.0157379   -0.147266
   0.828121 0.000613958    0.560549      4.8047
          0           0           0           1

KeyFrame: 31
CamToWorld: 
    0.508712    0.0201253    -0.860702     -3.39874
 -0.00958384     0.999797    0.0177132    -0.118565
    0.860883 -0.000762096     0.508802      4.95393
           0            0            0            1

KeyFrame: 32
CamToWorld: 
   0.454934   0.0223947   -0.890244    -3.71951
-0.00764179    0.999745   0.0212442  -0.0993526
   0.890492 -0.00286167    0.454989     5.08015
          0           0           0           1

KeyFrame: 33
CamToWorld: 
   0.399863    0.027563   -0.916161    -4.05836
-0.00648417    0.999608   0.0272435  -0.0838173
   0.916552 -0.00495312    0.399885     5.19145
          0           0           0           1

KeyFrame: 34
CamToWorld: 
   0.345345   0.0331661    -0.93789    -4.42934
-0.00480126    0.999425   0.0335742  -0.0907234
   0.938464 -0.00709165    0.345306      5.2605
          0           0           0           1

KeyFrame: 35
CamToWorld: 
    0.288877    0.0408176    -0.956496     -4.82011
-0.000339273     0.999095     0.042533   -0.0833915
    0.957366   -0.0119623     0.288629      5.35431
           0            0            0            1

KeyFrame: 36
CamToWorld: 
  0.234177  0.0460322  -0.971104   -5.23006
0.00789844   0.998755  0.0492476 -0.0806549
  0.972162 -0.0192029   0.233522    5.44076
         0          0          0          1

KeyFrame: 37
CamToWorld: 
  0.184302  0.0477041  -0.981711   -5.61448
 0.0113249   0.998652  0.0506533 -0.0919711
  0.982804 -0.0204532   0.183513    5.46174
         0          0          0          1

KeyFrame: 38
CamToWorld: 
  0.138165  0.0513992  -0.989075   -6.03083
  0.010688   0.998517  0.0533829  -0.109547
  0.990352 -0.0179469    0.13741    5.46571
         0          0          0          1

KeyFrame: 39
CamToWorld: 
 0.0970537  0.0526904  -0.993883   -6.47979
0.00992113   0.998497