Index,NumMatches,NumInliers,pose00,pose01,pose02,pose03,pose10,pose11,pose12,pose13,pose20,pose21,pose22,pose23,pose30,pose31,pose32,pose33,motion00,motion01,motion02,motion03,motion10,motion11,motion12,motion13,motion20,motion21,motion22,motion23,motion30,motion31,motion32,motion33,errorR,errorT,errorM
1,373,219,0.999992,0.00248267,0.00328809,0,-0.00250049,0.999982,0.0054267,0,-0.00327456,-0.00543488,0.99998,0,0.00379956,-0.011803,0.65676,1,0.999992,-0.00250049,-0.00327456,0,0.00248267,0.999982,-0.00543488,0,0.00328809,0.0054267,0.99998,0,-0.00592971,0.00824827,-0.656799,1,0.307741,0.208862;0.208862
2,360,240,0.999974,0.0023564,0.00686947,0,-0.00241196,0.999964,0.00809096,0,-0.00685016,-0.00810732,0.999944,0,-0.0115124,-0.0211285,1.34935,1,0.999994,9.7245e-05,-0.00358232,0,-0.000106787,0.999996,-0.00266365,0,0.00358205,0.00266401,0.99999,0,0.0105758,0.00368446,-0.692732,1,0.415901,0.377711;0.169051
3,370,228,0.99995,0.00237215,0.00972014,0,-0.00247749,0.999938,0.0108402,0,-0.00969382,-0.0108638,0.999894,0,-0.0369555,-0.0301898,2.06747,1,0.999996,-4.67092e-05,-0.00285042,0,3.88708e-05,0.999996,-0.0027499,0,0.00285054,0.00274978,0.999992,0,0.0184831,0.00121315,-0.718386,1,0.521896,0.520889;0.143509
4,387,216,0.999888,0.00105042,0.0148985,0,-0.00123108,0.999926,0.0121219,0,-0.0148847,-0.0121389,0.999816,0,-0.0531465,-0.043984,2.80403,1,0.999986,0.00125878,-0.00519439,0,-0.00126536,0.999998,-0.00126301,0,0.0051928,0.00126957,0.999986,0,0.00523002,0.0048448,-0.736832,1,0.603283,0.646566;0.12579
5,356,231,0.999786,0.00256961,0.0205407,0,-0.00286246,0.999895,0.0142404,0,-0.0205019,-0.0142961,0.999688,0,-0.0530245,-0.0379835,3.55939,1,0.999983,-0.00159967,-0.00562075,0,0.0015876,0.999996,-0.00215171,0,0.00562418,0.00214275,0.999982,0,-0.015653,-0.0167561,-0.755037,1,0.819483,0.761209;0.118617
6,368,196,0.999696,-0.000191875,0.0246659,0,-0.000248862,0.99984,0.017864,0,-0.0246654,-0.0178647,0.999536,0,-0.0938315,-0.0493903,4.32807,1,0.999988,0.00268733,-0.00417485,0,-0.00270219,0.99999,-0.00355844,0,0.00416525,0.00356968,0.999985,0,0.0218322,-0.00233688,-0.769534,1,0.959404,0.850667;0.0907729
7,372,221,0.999586,-0.00325483,0.0285709,0,0.00272396,0.999823,0.0186001,0,-0.0286263,-0.0185146,0.999419,0,-0.138275,-0.0906449,5.08026,1,0.999988,0.00299007,-0.00396255,0,-0.00299268,0.999995,-0.000650933,0,0.00396059,0.000662783,0.999992,0,0.0228003,0.0273776,-0.753787,1,1.00911,0.952893;0.107403
8,368,245,0.999483,-0.00527986,0.0317118,0,0.00483696,0.99989,0.014027,0,-0.0317824,-0.0138664,0.999399,0,-0.195582,-0.136089,5.83857,1,0.999993,0.00198125,-0.00317046,0,-0.00196654,0.999987,0.00463845,0,0.00317961,-0.00463218,0.999984,0,0.0329896,0.0350794,-0.760312,1,0.915143,1.04641;0.101383
9,396,249,0.999322,-0.00394816,0.0366091,0,0.00367651,0.999965,0.00748468,0,-0.0366374,-0.00734501,0.999302,0,-0.225517,-0.160811,6.64242,1,0.999987,-0.00136772,-0.00488994,0,0.00139947,0.999978,0.00649579,0,0.00488095,-0.00650255,0.999967,0,0.000389347,0.0188142,-0.804561,1,1.05016,1.10335;0.0573961
10,378,238,0.999187,-0.00235013,0.0402442,0,0.00232578,0.999997,0.000651681,0,-0.0402456,-0.000557552,0.99919,0,-0.253515,-0.191246,7.46718,1,0.999992,-0.00160008,-0.00363672,0,0.00162469,0.999976,0.00677312,0,0.0036258,-0.00677898,0.99997,0,-0.00528836,0.0299627,-0.825236,1,1.29845,1.14004;0.0390312
11,387,253,0.999078,-0.00378452,0.0427628,0,0.00371796,0.999992,0.00163591,0,-0.0427686,-0.00147541,0.999084,0,-0.294425,-0.225319,8.2692,1,0.999996,0.00143067,-0.00252303,0,-0.001433,0.999999,-0.000923793,0,0.00252171,0.000927405,0.999996,0,0.0064464,0.0329129,-0.803086,1,1.32205,1.19493;0.0559755
12,391,269,0.998976,-0.00280903,0.0451605,0,0.00272776,0.999995,0.00186109,0,-0.0451655,-0.00173599,0.998978,0,-0.333165,-0.238916,9.10527,1,0.999997,-0.000979671,-0.00239821,0,0.000979027,0.999999,-0.000269665,0,0.00239848,0.000267316,0.999997,0,0.000904802,0.012147,-0.83699,1,1.37459,1.21975;0.0282212
13,390,231,0.998897,0.0014314,0.0469328,0,-0.00158657,0.999993,0.00326924,0,-0.0469278,-0.0033401,0.998893,0,-0.360993,-0.247485,9.93759,1,0.999989,-0.00424632,-0.00175985,0,0.00424349,0.99999,-0.00160906,0,0.00176666,0.00160158,0.999997,0,-0.0112528,0.00580394,-0.832732,1,1.4161,1.2509;0.0380355
14,395,208,0.998776,0.00181297,0.0494196,0,-0.00183578,0.999998,0.000416241,0,-0.0494188,-0.000506456,0.998778,0,-0.399992,-0.275317,10.7829,1,0.999997,-0.000382828,-0.00248958,0,0.000389891,0.999996,0.0028372,0,0.00248848,-0.00283816,0.999993,0,-0.00277291,0.0274083,-0.846203,1,1.57719,1.26478;0.0148382
15,385,213,0.998702,0.00347176,0.0508213,0,-0.00355318,0.999993,0.00151173,0,-0.0508157,-0.00169034,0.998707,0,-0.442954,-0.279713,11.6601,1,0.999998,-0.00166116,-0.00140087,0,0.00165951,0.999998,-0.00118135,0,0.00140282,0.00117902,0.999998,0,-0.00166135,0.00291741,-0.878306,1,1.51955,1.2453;0.0320322
16,415,161,0.998477,0.00235284,0.0551242,0,-0.00262353,0.999985,0.0048388,0,-0.055112,-0.00497605,0.998468,0,-0.45453,-0.343001,12.5305,1,0.99999,0.0010975,-0.00431424,0,-0.00111161,0.999994,-0.00327078,0,0.00431063,0.00327554,0.999985,0,-0.0362728,0.059045,-0.870023,1,1.61156,1.24167;0.0499854
17,433,251,0.998379,0.00193133,0.0568773,0,-0.0026153,0.999925,0.0119534,0,-0.0568499,-0.0120828,0.99831,0,-0.507366,-0.344814,13.4053,1,0.999998,0.000400265,-0.00176076,0,-0.000412762,0.999975,-0.00710285,0,0.00175787,0.00710356,0.999973,0,0.00299949,-0.00878256,-0.876309,1,1.5247,1.23795;0.0290835
18,410,199,0.998329,-0.00378969,0.0576617,0,0.00284681,0.999861,0.0164254,0,-0.0577159,-0.0162338,0.998201,0,-0.587178,-0.36669,14.2771,1,0.999983,0.00570749,-0.000878801,0,-0.00571109,0.999975,-0.00414976,0,0.000855095,0.00415471,0.999991,0,0.0293235,0.00778034,-0.875237,1,1.38282,1.24078;0.0272452
19,389,233,0.998346,-0.00576934,0.0571994,0,0.00478446,0.999838,0.0173402,0,-0.0572902,-0.0170379,0.998212,0,-0.670011,-0.366642,15.1868,1,0.999998,0.00198726,0.000428717,0,-0.00198691,0.999998,-0.000802561,0,-0.000430311,0.000801708,1,0,0.0306658,-0.0154253,-0.912754,1,1.2571,1.21952;0.0476094
20,391,236,0.998265,-0.00704934,0.0584594,0,0.00622403,0.999879,0.0142877,0,-0.058553,-0.0138991,0.998188,0,-0.73555,-0.403051,16.0628,1,0.999998,0.00126236,-0.00128026,0,-0.00125834,0.999994,0.00313182,0,0.00128421,-0.00313021,0.999994,0,0.0139568,0.0242963,-0.878779,1,1.23035,1.23949;0.0267628
21,389,228,0.998193,-0.00711497,0.0596707,0,0.00647749,0.99992,0.0108699,0,-0.0597433,-0.0104638,0.998159,0,-0.798101,-0.431187,16.9608,1,0.999999,5.29189e-05,-0.00121405,0,-4.8758e-05,0.999994,0.00342709,0,0.00121422,-0.00342702,0.999993,0,0.00865599,0.0187781,-0.900346,1,1.25772,1.24387;0.0137017
22,395,205,0.998132,-0.00634277,0.0607616,0,0.00569635,0.999925,0.0108059,0,-0.0608256,-0.0104396,0.998094,0,-0.858493,-0.466274,17.8688,1,0.999999,-0.00078358,-0.00108448,0,0.000783598,1,1.6419e-05,0,0.00108447,-1.72688e-05,0.999999,0,0.00488101,0.0256156,-0.910371,1,1.24866,1.24491;0.00850018
23,389,229,0.998,-0.00681101,0.0628453,0,0.00598347,0.999893,0.0133467,0,-0.0629295,-0.012944,0.997934,0,-0.915758,-0.491274,18.7598,1,0.999998,0.000441166,-0.00209372,0,-0.000446437,0.999997,-0.00251789,0,0.0020926,0.00251881,0.999995,0,0.000986136,0.0134488,-0.893066,1,1.22461,1.26641;0.023181
24,395,189,0.99794,-0.00352549,0.0640621,0,0.00272224,0.999917,0.0126215,0,-0.0641013,-0.0124211,0.997866,0,-0.96462,-0.551474,19.6581,1,0.999994,-0.00330044,-0.00117729,0,0.00330105,0.999994,0.000514948,0,0.00117559,-0.000518831,0.999999,0,-0.0089948,0.0489904,-0.900222,1,1.29935,1.28113;0.0351384
25,396,206,0.997922,-0.00382477,0.0643248,0,0.00334846,0.999966,0.00751091,0,-0.0643514,-0.00727991,0.997901,0,-1.03056,-0.588331,20.5982,1,1,0.000297357,-0.000265482,0,-0.000295989,0.999987,0.0051405,0,0.000267007,-0.00514042,0.999987,0,0.00518855,0.0300155,-0.94265,1,1.34988,1.26507;0.0203177
26,349,193,0.997898,-0.0047494,0.0646233,0,0.00482537,0.999988,-0.00101954,0,-0.0646177,0.00132923,0.997909,0,-1.09328,-0.619615,21.5433,1,1,0.000925037,-0.000298182,0,-0.000922436,0.999963,0.00860802,0,0.000306134,-0.00860774,0.999963,0,0.00136057,0.03255,-0.947137,1,1.52367,1.25318;0.0128056
27,354,189,0.997933,-0.00683265,0.0638959,0,0.00747563,0.999924,-0.00982933,0,-0.0638239,0.0102867,0.997908,0,-1.16614,-0.648063,22.4898,1,0.999998,0.00207568,0.000749571,0,-0.00208232,0.999958,0.00896117,0,-0.000730938,-0.00896271,0.99996,0,0.0120381,0.0382931,-0.948868,1,1.70525,1.23986;0.0223171
28,353,227,0.998021,-0.00423751,0.0627445,0,0.00530356,0.999844,-0.0168335,0,-0.0626634,0.017133,0.997888,0,-1.21554,-0.654907,23.4535,1,0.999996,-0.00261458,0.00111001,0,0.00260691,0.999973,0.00685465,0,-0.0011279,-0.00685173,0.999976,0,-0.0111901,0.0233279,-0.964621,1,1.92336,1.22166;0.0301401
29,352,186,0.99807,-0.00407466,0.0619626,0,0.00538303,0.999766,-0.0209632,0,-0.0618626,0.0212563,0.997858,0,-1.27138,-0.69583,24.4076,1,1,-0.000179468,0.000779847,0,0.000176248,0.999991,0.00412742,0,-0.000780581,-0.00412728,0.999991,0,-0.00354646,0.0612142,-0.954643,1,2.07547,1.21012;0.019165
30,339,215,0.998132,-0.00536237,0.0608649,0,0.00622136,0.999884,-0.0139323,0,-0.0607831,0.0142849,0.998049,0,-1.3294,-0.706491,25.3409,1,0.999999,0.00127189,0.00111763,0,-0.00126407,0.999975,-0.00696794,0,-0.00112646,0.00696652,0.999975,0,0.00104701,0.024024,-0.934869,1,1.86865,1.22511;0.0214679
31,369,206,0.998174,-0.00660627,0.0600374,0,0.00673858,0.999975,-0.00200161,0,-0.0600227,0.00240252,0.998194,0,-1.39656,-0.697644,26.2902,1,0.999999,0.00124192,0.000831613,0,-0.00123195,0.999929,-0.0118783,0,-0.000846305,0.0118773,0.999929,0,0.0100945,-0.00649323,-0.951714,1,1.60839,1.23057;0.039296
32,354,193,0.998197,-0.00728497,0.0595824,0,0.00703642,0.999966,0.00438031,0,-0.0596122,-0.00395316,0.998214,0,-1.45066,-0.720974,27.2348,1,1,0.000680519,0.000452839,0,-0.000677628,0.99998,-0.0063528,0,-0.000457153,0.00635249,0.99998,0,-0.00244473,0.0195722,-0.946206,1,1.52444,1.2443;0.0157058
33,348,188,0.998175,-0.00426528,0.0602374,0,0.00402948,0.999984,0.00403549,0,-0.0602536,-0.0037854,0.998176,0,-1.48569,-0.696223,28.2236,1,0.999995,-0.0030222,-0.000643713,0,0.0030223,0.999995,0.000163077,0,0.000643217,-0.000165022,1,0,-0.0244963,-0.0286002,-0.988994,1,1.56248,1.2359;0.0597798
34,319,188,0.998158,-0.000700208,0.0606621,-2.66042e-20,0.00114897,0.999972,-0.00736321,2.42543e-19,-0.0606553,0.00741935,0.998131,-1.91289e-17,-1.53702,-0.70225,29.2463,1,0.999994,-0.00356183,-0.000451402,0,0.00356666,0.999931,0.0112028,0,0.000411468,-0.0112043,0.999937,0,-0.0108033,0.0136171,-1.02388,1,1.81078,1.19468;0.0523709
35,312,179,0.998059,0.00420479,0.0621287,-5.42286e-20,-0.00318793,0.999859,-0.0164571,4.11277e-19,-0.0621891,0.0162271,0.997932,-1.9126e-17,-1.5734,-0.737837,30.2355,1,0.999987,-0.00488049,-0.00154925,0,0.00489395,0.999949,0.00880725,0,0.00150619,-0.00881472,0.99996,0,-0.0250038,0.0517456,-0.98886,1,2.04296,1.18474;0.017061
36,330,167,0.997818,0.0148204,0.064341,-5.47815e-19,-0.0138808,0.999791,-0.0150261,-1.30269e-20,-0.0645502,0.0141002,0.997815,-7.06857e-17,-1.58712,-0.736426,31.2378,1,0.999941,-0.0105835,-0.00237276,0,0.0105784,0.999942,-0.00211716,0,0.00239503,0.00209194,0.999995,0,-0.0508213,0.0134586,-1.00099,1,2.07924,1.173;0.0434779
37,326,189,0.997733,0.0155305,0.0654766,-6.29013e-19,-0.0152139,0.99987,-0.00533004,-7.02678e-19,-0.0655509,0.0043218,0.99784,-7.06815e-17,-1.65293,-0.742025,32.2216,1,0.999999,-0.00070526,-0.00114177,0,0.00069408,0.999952,-0.00976286,0,0.0011486,0.00976206,0.999952,0,0.00133766,0.00984052,-0.985907,1,1.80927,1.17055;0.0264189
38,361,226,0.997637,0.0155734,0.066919,-7.31231e-19,-0.0158533,0.999868,0.00365454,-1.33925e-18,-0.0668532,-0.0047068,0.997752,-7.06713e-17,-1.72362,-0.761406,33.1744,1,0.999999,-4.96857e-05,-0.00144543,0,3.66646e-05,0.999959,-0.00900714,0,0.00144582,0.00900708,0.999958,0,0.00706217,0.0147753,-0.955556,1,1.69258,1.20045;0.0359455
39,362,224,0.997521,0.0138278,0.0690017,-8.76891e-19,-0.0142283,0.999885,0.00531527,-1.44993e-18,-0.0689203,-0.00628387,0.997602,-7.06675e-17,-1.80169,-0.781953,34.1654,1,0.999996,0.00173259,-0.00209671,0,-0.00173583,0.999997,-0.00154464,0,0.00209403,0.00154827,0.999997,0,0.00978469,0.0141668,-0.994118,1,1.66836,1.22309;0.0347108
40,355,226,0.997483,0.0145849,0.0693924,-9.65193e-19,-0.0147293,0.99989,0.00156975,-6.86597e-19,-0.0693619,-0.0025879,0.997588,-1.59655e-16,-1.88069,-0.809056,35.1664,1,1,-0.000758175,-0.000390364,0,0.000759615,0.999993,0.00370175,0,0.000387555,-0.00370205,0.999993,0,0.00972422,0.0243652,-1.00415,1,1.6935,1.28545;0.0687002
41,349,164,0.997485,0.0103002,0.0701306,-1.11361e-18,-0.00984163,0.999928,-0.00688182,1.07014e-18,-0.0701964,0.00617431,0.997514,-3.0207e-16,-1.97852,-0.864591,36.1949,1,0.999991,0.00428948,-0.00070977,0,-0.00428309,0.999952,0.00877342,0,0.00074737,-0.0087703,0.999961,0,0.0260384,0.0616459,-1.03241,1,1.83888,1.29502;0.0329557
42,317,177,0.997427,0.00972286,0.0710204,-1.4023e-18,-0.00898394,0.999902,-0.0107163,2.01545e-18,-0.0711176,0.0100507,0.997417,-2.30381e-16,-2.05388,-0.892632,37.1952,1,0.999999,0.000586352,-0.000885792,0,-0.000582906,0.999992,0.00388584,0,0.000888064,-0.00388532,0.999992,0,0.00439436,0.0380812,-1.00285,1,1.92437,1.34324;0.0514378
43,314,185,0.997383,0.00789366,0.0718674,-1.61745e-18,-0.00671258,0.999839,-0.0166609,3.44806e-18,-0.0719874,0.0161349,0.997275,-2.79283e-16,-2.13983,-0.894179,38.213,1,0.999998,0.00184272,-0.000818415,0,-0.0018377,0.99998,0.00609291,0,0.000829626,-0.00609139,0.999981,0,0.0125881,0.0179273,-1.02119,1,2.05557,1.3694;0.0499655
44,307,161,0.997414,0.0076284,0.0714701,-1.50587e-18,-0.00590121,0.999686,-0.0243466,5.6052e-18,-0.0716334,0.0238619,0.997146,-2.79248e-16,-2.21631,-0.92996,39.157,1,1,0.000255685,0.000404699,0,-0.000258804,0.99997,0.0077256,0,-0.000402712,-0.0077257,0.99997,0,0.00908466,0.0583007,-0.945875,1,2.20087,1.45765;0.0920159
45,325,169,0.997482,0.000671511,0.070922,-1.34441e-18,0.00143013,0.999561,-0.0295782,7.19874e-18,-0.0709108,0.0296051,0.997043,-2.79213e-16,-2.32515,-0.947098,40.0552,1,0.999976,0.00693752,0.000757259,0,-0.00694176,0.999959,0.00573964,0,-0.00071741,-0.00574476,0.999983,0,0.0448761,0.043853,-0.90276,1,2.34168,1.58048;0.130257
46,318,176,0.99745,0.00203009,0.0713334,-1.46108e-18,3.83702e-05,0.99958,-0.0289838,7.00737e-18,-0.0713622,0.0289127,0.997031,-2.79217e-16,-2.38704,-0.973798,41.0319,1,0.999999,-0.00134609,-0.000451632,0,0.00134578,0.999999,-0.000692463,0,0.000452564,0.000691854,1,0,-0.00788361,0.0549985,-0.977412,1,2.33028,1.62585;0.046501
47,337,207,0.997412,0.0030296,0.0718302,-1.59323e-18,-0.00116812,0.999663,-0.0259429,6.047e-18,-0.0718845,0.0257918,0.997079,-2.8831e-16,-2.44611,-0.990263,42.0495,1,0.999999,-0.000986328,-0.000523868,0,0.000984688,0.999995,-0.00312094,0,0.000526944,0.00312043,0.999995,0,-0.0141246,0.0427926,-1.01853,1,2.29012,1.62232;0.0158611
48,345,215,0.997462,-0.000807428,0.0711956,-1.40434e-18,0.00231857,0.999774,-0.0211451,4.73303e-18,-0.0711625,0.0212565,0.997238,-2.88336e-16,-2.54041,-1.01232,43.0094,1,0.999992,0.00382263,0.000717889,0,-0.00381933,0.999982,-0.00453878,0,-0.000735227,0.00453601,0.999989,0,0.0256994,0.0425621,-0.963471,1,2.17745,1.66851;0.0520648
49,313,193,0.997436,-0.00163585,0.0715386,-1.51409e-18,0.00313699,0.999777,-0.0208764,4.64375e-18,-0.0714885,0.0210473,0.997219,-3.40886e-16,-2.62535,-1.02185,44.0187,1,1,0.000835475,-0.00032636,0,-0.000835543,1,-0.000209478,0,0.000326185,0.00020975,1,0,0.012504,0.0308666,-1.01236,1,2.14009,1.66939;0.0354896
50,335,199,0.997315,0.00301076,0.0731657,-2.0719e-18,-0.00123138,0.999703,-0.0243529,5.76612e-18,-0.0732173,0.0241974,0.997022,-3.53576e-16,-2.68155,-1.03103,45.0182,1,0.999988,-0.00460575,-0.00174361,0,0.00461123,0.999984,0.00314808,0,0.00172908,-0.00315608,0.999994,0,-0.0170529,0.033448,-1.00044,1,2.26175,1.67714;0.0253355
51,367,242,0.997328,0.000939439,0.0730416,-2.03677e-18,0.000979848,0.999655,-0.0262364,6.36229e-18,-0.073041,0.0262378,0.996984,-3.31329e-16,-2.77481,-1.03674,46.015,1,0.999998,0.00206734,0.000179077,0,-0.0020677,0.999996,0.00204057,0,-0.000174858,-0.00204093,0.999998,0,0.020213,0.0319584,-1.00037,1,2.25342,1.68621;0.0401545
52,382,228,0.997361,-0.0010587,0.0725977,-1.88464e-18,0.00236829,0.999836,-0.0179552,3.65451e-18,-0.0725668,0.0180797,0.9972,-3.31371e-16,-2.86587,-1.05991,46.9716,1,0.999998,0.00198977,0.000481052,0,-0.00198578,0.999965,-0.00816053,0,-0.000497272,0.00815956,0.999967,0,0.0213443,0.0405567,-0.960159,1,1.96404,1.71817;0.0367629
53,376,217,0.997279,-0.00182362,0.0736911,-2.24618e-18,0.00248768,0.999957,-0.00892054,6.69618e-19,-0.0736717,0.00907959,0.997241,-3.31388e-16,-2.94666,-1.07878,47.936,1,0.999999,0.00077484,-0.00108941,0,-0.000784616,0.999959,-0.009002,0,0.00108239,0.00900285,0.999959,0,0.00947263,0.0276657,-0.967516,1,1.81941,1.73582;0.0218572
54,385,225,0.997249,-0.00365257,0.0740353,-2.39847e-18,0.00407096,0.999977,-0.00550119,-8.05058e-19,-0.0740134,0.00578745,0.99724,-3.98411e-16,-3.03831,-1.07833,48.932,1,0.999998,0.00183092,-0.000334878,0,-0.00183201,0.999993,-0.00329284,0,0.000328847,0.00329345,0.999995,0,0.0176579,0.00540998,-1.00003,1,1.68934,1.73547;0.0429447
55,407,195,0.997223,-0.00156007,0.0744511,-2.62296e-18,0.0025916,0.999902,-0.0137606,3.35719e-18,-0.0744223,0.0139153,0.99713,-5.30136e-16,-3.10944,-1.09701,49.9312,1,0.999998,-0.0020865,-0.000445634,0,0.00209006,0.999965,0.00812665,0,0.000428662,-0.00812756,0.999967,0,-0.00349235,0.0326084,-1.00135,1,1.92356,1.7261;0.0273394
56,388,208,0.997137,0.00205101,0.0755846,-3.14883e-18,-0.000462202,0.999779,-0.0210317,7.02935e-18,-0.075611,0.0209366,0.996918,-5.04314e-16,-3.16846,-1.09967,50.9545,1,0.999993,-0.00358648,-0.00121214,0,0.0035949,0.999969,0.00702037,0,0.00118692,-0.00702468,0.999975,0,-0.0184927,0.0241565,-1.02463,1,2.13863,1.69488;0.0555564
57,399,235,0.99711,0.00471899,0.075819,-3.27714e-18,-0.00296853,0.999727,-0.0231835,8.0245e-18,-0.0759077,0.0228914,0.996852,-5.04298e-16,-3.23768,-1.11581,51.9181,1,0.999996,-0.0026619,-0.000296766,0,0.00266248,0.999995,0.00195596,0,0.000291558,-0.00195674,0.999998,0,-0.00395659,0.0382698,-0.965366,1,2.21134,1.70723;0.0169687
58,426,200,0.997047,0.00791571,0.0763876,-3.57675e-18,-0.00638995,0.999776,-0.0201978,6.40235e-18,-0.0765303,0.01965,0.996874,-5.0432e-16,-3.29763,-1.1415,52.858,1,0.999995,-0.00318493,-0.000634478,0,0.00318286,0.99999,-0.00323922,0,0.000644788,0.00323718,0.999995,0,-0.011823,0.044279,-0.941051,1,2.12246,1.72926;0.0233476
59,430,233,0.996918,0.0119453,0.0775366,-4.17366e-18,-0.0106668,0.999801,-0.0168819,4.58428e-18,-0.0777228,0.0160028,0.996847,-5.04335e-16,-3.35727,-1.13325,53.8539,1,0.999991,-0.00401077,-0.00121995,0,0.00400631,0.999985,-0.00363818,0,0.00123452,0.00363326,0.999993,0,-0.0178595,0.00792823,-0.997571,1,2.07698,1.71586;0.0486125
60,393,196,0.996792,0.0142444,0.0787522,-4.79779e-18,-0.0125932,0.999691,-0.0214238,6.80247e-18,-0.079033,0.0203633,0.996664,-5.04304e-16,-3.42729,-1.16721,54.7987,1,0.999997,-0.00227392,-0.00126824,0,0.00227945,0.999988,0.00437667,0,0.00125827,-0.00437954,0.99999,0,-0.00412201,0.0533149,-0.946438,1,2.24332,1.72594;0.0172755
61,416,192,0.99656,0.0192192,0.0806159,-5.64057e-18,-0.0167614,0.999377,-0.0310542,1.11202e-17,-0.0811625,0.0295961,0.996261,-5.63545e-16,-3.47635,-1.15531,55.7992,1,0.999986,-0.00491774,-0.0020228,0,0.00493628,0.999945,0.00926542,0,0.00197712,-0.00927527,0.999955,0,-0.031994,0.0183481,-1.0011,1,2.53034,1.70709;0.0540756
62,415,182,0.996457,0.0222343,0.0811078,-5.93837e-18,-0.018849,0.998929,-0.0422669,1.73436e-17,-0.0819607,0.0405883,0.995809,-5.63385e-16,-3.54894,-1.13196,56.7944,1,0.999995,-0.00299296,-0.000620689,0,0.00299961,0.999935,0.0110128,0,0.000587688,-0.0110146,0.999939,0,-0.00890408,0.0173785,-0.997938,1,2.80937,1.69754;0.0540092
63,392,206,0.996545,0.0190445,0.0808387,-5.76546e-18,-0.0153268,0.998807,-0.0463631,1.9788e-17,-0.0816252,0.044964,0.995648,-5.63306e-16,-3.6483,-1.11427,57.7528,1,0.999995,0.0031748,0.000418538,0,-0.0031766,0.999985,0.0043714,0,-0.000404654,-0.00437271,0.99999,0,0.0211956,0.025246,-0.96318,1,2.86963,1.71165;0.0462744
64,376,228,0.996502,0.017293,0.0817657,-6.27848e-18,-0.0142658,0.999196,-0.0374621,1.48237e-17,-0.0823479,0.0361646,0.995947,-5.63453e-16,-3.73932,-1.12893,58.684,1,0.999998,0.00178426,-0.000863532,0,-0.00179179,0.99996,-0.00879163,0,0.000847811,0.00879316,0.999961,0,0.0148181,0.048226,-0.934375,1,2.53513,1.7258;0.026206
65,354,205,0.996532,0.0149984,0.0818519,-6.3127e-18,-0.0134239,0.999715,-0.0197527,4.89741e-18,-0.0821248,0.0185854,0.996449,-5.63627e-16,-3.84298,-1.14675,59.5587,1,0.999997,0.00229604,-4.07312e-05,0,-0.00229641,0.999843,-0.017587,0,3.44201e-07,0.0175871,0.999845,0,0.0319797,0.0337062,-0.879735,1,2.06507,1.7761;0.0651504
66,379,196,0.996615,0.00951271,0.0816542,-6.16707e-18,-0.00897046,0.999935,-0.0070051,-2.09321e-18,-0.0817155,0.00624892,0.996636,-5.63646e-16,-3.95784,-1.14129,60.457,1,0.999985,0.00548466,0.00023817,0,-0.00548131,0.999909,-0.0123422,0,-0.000305842,0.0123407,0.999924,0,0.0410652,-0.000200913,-0.904719,1,1.64877,1.81367;0.0648955
67,351,211,0.996655,0.000861071,0.0817141,-6.15009e-18,-0.000112635,0.999958,-0.00916337,-5.26178e-19,-0.0817186,0.00912351,0.996614,-5.6365e-16,-4.07071,-1.17848,61.3554,1,0.999963,0.00865183,2.24575e-05,0,-0.00865186,0.999958,0.00287459,0,2.41395e-06,-0.00287468,0.999996,0,0.0391069,0.0454137,-0.904261,1,1.64116,1.82593;0.0427809
68,358,208,0.996548,-0.00219584,0.082987,-6.85268e-18,0.00345612,0.999881,-0.0150459,2.92415e-18,-0.0829441,0.0152808,0.996437,-5.63634e-16,-4.16116,-1.21909,62.243,1,0.999995,0.00307607,-0.00123051,0,-0.00306843,0.999976,0.00615876,0,0.00124942,-0.00615495,0.99998,0,0.0163958,0.0542665,-0.891299,1,1.80385,1.83573;0.025877
69,379,218,0.996487,-0.00494285,0.0836056,-7.18737e-18,0.00656614,0.999795,-0.0191522,5.35754e-18,-0.0834938,0.0196339,0.996315,-5.63612e-16,-4.25393,-1.2609,63.138,1,0.999996,0.0027587,-0.000567556,0,-0.00275621,0.999987,0.00435251,0,0.000579555,-0.00435093,0.99999,0,0.0174025,0.0595491,-0.898643,1,1.90413,1.82535;0.0283972
70,315,175,0.99643,-0.00749666,0.0840925,-7.4489e-18,0.009047,0.999796,-0.0180703,4.84829e-18,-0.0839399,0.0187665,0.996294,-5.63613e-16,-4.34804,-1.2636,64.0101,1,0.999997,0.0025626,-0.000441933,0,-0.00256298,0.999996,-0.000869699,0,0.000439703,0.000870829,1,0,0.0204257,0.0193188,-0.876699,1,1.86341,1.84075;0.0385536
71,356,222,0.996291,-0.00966513,0.0854985,-8.2326e-18,0.011329,0.999755,-0.0189967,5.46054e-18,-0.085294,0.0198949,0.996157,-5.63597e-16,-4.44021,-1.26917,64.8765,1,0.999997,0.00219622,-0.00136922,0,-0.00219469,0.999997,0.00111834,0,0.00137167,-0.00111533,0.999998,0,0.0176942,0.0230655,-0.87079,1,1.86404,1.84703;0.0343591
72,361,248,0.996152,-0.0115399,0.0868783,-9.00333e-18,0.0133384,0.999708,-0.0201489,6.18886e-18,-0.0866204,0.0212302,0.996015,-5.63577e-16,-4.52181,-1.29935,65.7114,1,0.999997,0.00190389,-0.00134661,0,-0.00190211,0.999997,0.00132268,0,0.00134912,-0.00132012,0.999998,0,0.00840915,0.0480876,-0.838,1,1.89217,1.85634;0.015971
73,320,190,0.996071,-0.0128782,0.0876217,-9.41695e-18,0.0147537,0.999675,-0.0207906,6.60633e-18,-0.0873255,0.0220016,0.995937,-5.63566e-16,-4.61282,-1.31323,66.5408,1,0.999999,0.00135452,-0.000718047,0,-0.00135397,0.999999,0.000763373,0,0.00071908,-0.000762399,0.999999,0,0.017792,0.0324601,-0.833728,1,1.85245,1.86836;0.0289008
74,352,205,0.995973,-0.0125544,0.0887698,-1.00682e-17,0.0147162,0.99961,-0.0237406,8.2638e-18,-0.0884371,0.0249513,0.995769,-5.63533e-16,-4.68845,-1.33622,67.3513,1,0.999999,-0.000295023,-0.00115993,0,0.000298427,0.999996,0.00293581,0,0.00115906,-0.00293615,0.999995,0,0.00309003,0.0433349,-0.813134,1,1.96005,1.87702;0.0125806
75,321,241,0.995802,-0.0152755,0.0902517,-1.08928e-17,0.0180555,0.999385,-0.0300665,1.19551e-17,-0.0897369,0.0315698,0.995465,-5.63451e-16,-4.76529,-1.35008,68.1341,1,0.999995,0.00276715,-0.00140466,0,-0.00275781,0.999974,0.006604,0,0.0014229,-0.00660009,0.999977,0,0.00564997,0.0387765,-0.785788,1,2.19178,1.90225;0.0254569
76,383,235,0.995612,-0.0166105,0.0920893,-1.19259e-17,0.0202782,0.999032,-0.0390362,1.7089e-17,-0.0913518,0.0407323,0.994985,-5.63298e-16,-4.84692,-1.35839,68.9465,1,0.999997,0.00140926,-0.00179134,0,-0.00139282,0.999957,0.00914215,0,0.00180414,-0.00913963,0.999957,0,0.00632292,0.0416656,-0.815449,1,2.44489,1.89666;0.026217
77,393,217,0.995468,-0.0195545,0.0930638,-1.24629e-17,0.0235385,0.998844,-0.0419059,1.88337e-17,-0.0921368,0.0439066,0.994778,-5.63231e-16,-4.94494,-1.34302,69.7516,1,0.999995,0.00298482,-0.000853421,0,-0.00298211,0.999991,0.00316338,0,0.000862855,-0.00316082,0.999995,0,0.0229564,0.0206946,-0.810517,1,2.50358,1.90363;0.0609129
78,383,209,0.995325,-0.0250974,0.0932618,-1.25484e-17,0.0280323,0.999148,-0.0302938,1.24826e-17,-0.092422,0.0327665,0.995181,-5.63405e-16,-5.05588,-1.33045,70.4967,1,0.999985,0.00554818,-2.85844e-05,0,-0.00554815,0.999922,-0.0111508,0,-3.32845e-05,0.0111508,0.999938,0,0.0412522,0.0131176,-0.752183,1,2.05328,1.94225;0.0577359
79,362,232,0.995193,-0.0270252,0.0941357,-1.30342e-17,0.0281714,0.999544,-0.0108684,1.56424e-18,-0.093799,0.0134681,0.9955,-5.6353e-16,-5.14329,-1.31664,71.2226,1,0.999998,0.0019401,-0.00085646,0,-0.0019563,0.999811,-0.0193302,0,0.000818796,0.0193319,0.999813,0,0.0190204,-0.00344911,-0.731079,1,1.44076,1.97479;0.0471827
80,403,220,0.995007,-0.0270448,0.0960722,-1.41302e-17,0.0268021,0.999633,0.0038152,-6.74665e-18,-0.0961402,-0.00122121,0.995367,-5.63466e-16,-5.20591,-1.31581,71.9239,1,0.999998,1.71992e-05,-0.0019454,0,-4.58865e-05,0.999891,-0.0147471,0,0.00194494,0.0147472,0.999889,0,-0.00503886,-0.00182738,-0.704012,1,1.05536,1.99674;0.026729
81,392,262,0.994987,-0.0281518,0.0959608,-1.40621e-17,0.0276465,0.999596,0.00659159,-8.27371e-18,-0.0961076,-0.00390557,0.995363,-5.63447e-16,-5.28472,-1.32896,72.6225,1,0.999999,0.00110786,0.000104669,0,-0.00110758,0.999996,-0.00268251,0,-0.00010764,0.0026824,0.999996,0,0.0110054,0.0107249,-0.702985,1,1.01799,2.00514;0.0195086
82,381,261,0.994841,-0.03147,0.0964429,-1.43202e-17,0.0318184,0.999492,-0.00207635,-3.23308e-18,-0.0963286,0.00513431,0.995336,-5.63492e-16,-5.36954,-1.36713,73.2908,1,0.999994,0.0033222,-0.00047696,0,-0.00331776,0.999954,0.00902993,0,0.000506937,-0.0090283,0.999959,0,0.0187218,0.0422289,-0.673226,1,1.26455,2.01237;0.0214407
83,353,253,0.994689,-0.0300939,0.0984265,-1.54493e-17,0.0310125,0.999488,-0.00781548,-3.84848e-20,-0.098141,0.0108264,0.995114,-5.63472e-16,-5.41865,-1.42007,73.9383,1,0.999997,-0.00135517,-0.0020037,0,0.00136644,0.999983,0.00563202,0,0.00199604,-0.00563474,0.999982,0,-0.016468,0.0595022,-0.648553,1,1.36401,2.00571;0.0230428
84,422,289,0.994671,-0.0243431,0.100188,-1.64732e-17,0.0243831,0.999702,0.000826269,-5.16314e-18,-0.100179,0.00162103,0.994968,-5.63419e-16,-5.45651,-1.42425,74.5814,1,0.999982,-0.00575011,-0.00176404,0,0.00573353,0.999941,-0.00926274,0,0.0018172,0.00925246,0.999956,0,-0.0268831,0.00456547,-0.643682,1,1.09325,2.00621;0.0335785
85,426,241,0.994722,-0.00852552,0.102251,-1.77204e-17,0.00736442,0.999904,0.0117276,-1.1973e-17,-0.102341,-0.0109127,0.99469,-5.63278e-16,-5.4365,-1.45482,75.1641,1,0.999873,-0.0158407,-0.00187345,0,0.0158159,0.999796,-0.0125829,0,0.00207239,0.0125517,0.999919,0,-0.0797417,0.0235876,-0.577832,1,1.04193,2.01063;0.0720005
86,411,267,0.994778,-0.00366432,0.101998,-1.76038e-17,0.0013701,0.999745,0.0225537,-1.82983e-17,-0.102055,-0.0222962,0.994529,-5.63111e-16,-5.47263,-1.47627,75.7557,1,0.999988,-0.00485434,0.000365205,0,0.00485819,0.999923,-0.0113822,0,-0.000309924,0.0113838,0.999935,0,-0.0244789,0.00815674,-0.592527,1,1.02068,2.01511;0.0157106
87,428,311,0.995123,-0.0066855,0.0984134,-1.55574e-17,0.00442719,0.999722,0.0231477,-1.85101e-17,-0.0985408,-0.0225992,0.994876,-5.63165e-16,-5.54943,-1.50066,76.3424,1,0.999989,0.00310179,0.00353204,0,-0.00310079,0.999995,-0.000290217,0,-0.00353292,0.000279262,0.999994,0,0.0185263,0.0111396,-0.591827,1,0.953676,2.01944;0.0247216
88,391,248,0.995596,-0.0142197,0.0926669,-1.22649e-17,0.0126982,0.999775,0.0169877,-1.47167e-17,-0.0928876,-0.0157361,0.995552,-5.63358e-16,-5.65582,-1.52311,76.9324,1,0.999955,0.00762412,0.00564624,0,-0.00766303,0.999947,0.00690178,0,-0.00559332,-0.00694473,0.99996,0,0.0509251,0.0137748,-0.59761,1,0.851338,2.02142;0.0570678
89,444,322,0.996037,-0.011317,0.0882155,-9.76101e-18,0.0105634,0.999904,0.00900486,-1.03144e-17,-0.0883089,-0.00803732,0.996061,-5.63504e-16,-5.69831,-1.55493,77.4954,1,0.999986,-0.00286704,0.00449617,0,0.00283207,0.999966,0.00776387,0,-0.00451828,-0.00775102,0.99996,0,-0.00769968,0.0271973,-0.564751,1,0.998972,2.01234;0.00997098
90,436,273,0.996533,-0.00358327,0.083116,-6.9179e-18,0.00379439,0.99999,-0.00238215,-4.18301e-18,-0.0831066,0.00268927,0.996537,-5.63625e-16,-5.71069,-1.58246,78.0718,1,0.999957,-0.00774765,0.00510236,0,0.00769227,0.999912,0.0107848,0,-0.00518547,-0.0107451,0.999929,0,-0.0356731,0.0289495,-0.575406,1,1.3173,1.98254;0.0363166
91,424,257,0.997138,0.00409912,0.0754913,-2.65046e-18,-0.00318097,0.99992,-0.0122786,1.10302e-18,-0.0755355,0.0120033,0.997071,-5.63676e-16,-5.70957,-1.61613,78.6478,1,0.999941,-0.00777347,0.00755579,0,0.00770278,0.999927,0.00934141,0,-0.00762785,-0.00928266,0.999928,0,-0.0444618,0.040738,-0.573793,1,1.60693,1.93764;0.0518942
92,440,274,0.997944,-0.00141396,0.0640767,3.8307e-18,0.00216726,0.999929,-0.0116881,9.84523e-19,-0.0640557,0.0118029,0.997877,-5.63669e-16,-5.76323,-1.64283,79.1562,1,0.999919,0.00537754,0.011507,0,-0.00537505,0.999986,-0.000246774,0,-0.0115082,0.000184903,0.999934,0,0.020937,0.0327561,-0.510473,1,1.54129,1.94595;0.0291244
93,402,226,0.998823,-0.00912353,0.047641,1.31504e-17,0.00962798,0.9999,-0.0103697,5.41334e-19,-0.0475416,0.0108161,0.998811,-5.6353e-16,-5.82403,-1.65826,79.6642,1,0.999835,0.0075299,0.0165414,0,-0.00751502,0.999971,-0.000961849,0,-0.0165481,0.000837382,0.999863,0,0.0363891,0.0212875,-0.510084,1,1.43286,1.95415;0.0351681
94,426,285,0.999453,-0.0178515,0.0278531,2.43505e-17,0.0181819,0.999767,-0.0116538,1.60568e-18,-0.0276386,0.0121539,0.999544,-5.63155e-16,-5.88472,-1.66758,80.1504,1,0.999766,0.00848392,0.0199023,0,-0.00851588,0.999963,0.00152164,0,-0.0198887,-0.00169077,0.999801,0,0.0469445,0.016082,-0.487567,1,1.38508,1.97619;0.0483008
95,424,324,0.999876,-0.0144147,0.00640888,3.64047e-17,0.0145027,0.999798,-0.0139052,2.72437e-18,-0.00620715,0.0139964,0.999883,-5.625e-16,-5.86186,-1.68037,80.6292,1,0.999764,-0.00374048,0.0213963,0,0.00369365,0.999991,0.00222779,0,-0.0214044,-0.00214823,0.999769,0,-0.0261062,0.0191213,-0.478414,1,1.49174,1.97221;0.0127585
96,436,289,0.999775,-0.00999324,-0.0186913,5.04879e-17,0.00968666,0.999818,-0.0164213,3.94658e-18,0.018852,0.0162365,0.99969,-5.61404e-16,-5.80238,-1.68071,81.1169,1,0.999675,-0.00483186,0.0250226,0,0.00476813,0.999985,0.00260577,0,-0.0250348,-0.00248561,0.999683,0,-0.0503556,0.00777061,-0.488732,1,1.58165,1.95287;0.0458698
97,431,289,0.99884,-0.00886518,-0.0473238,6.65425e-17,0.00788466,0.999751,-0.020866,6.37402e-18,0.047497,0.0204687,0.998662,-5.59706e-16,-5.75119,-1.70026,81.5871,1,0.999589,-0.00171785,0.0286155,0,0.00158898,0.999988,0.00452578,0,-0.0286229,-0.00447845,0.99958,0,-0.0290522,0.0289507,-0.471527,1,1.73483,1.9372;0.0190627
98,419,290,0.996724,-0.00894605,-0.0803853,8.50468e-17,0.00700068,0.999677,-0.0244498,8.35411e-18,0.080578,0.023807,0.996464,-5.57168e-16,-5.69396,-1.69988,82.0587,1,0.999451,-0.000712689,0.033117,0,0.000592326,0.999993,0.00364415,0,-0.0331194,-0.00362253,0.999445,0,-0.0191285,0.0107468,-0.474575,1,1.82778,1.92993;0.0313308
99,360,261,0.992845,-0.0108242,-0.118919,1.06568e-16,0.00779228,0.999633,-0.0259311,9.2188e-18,0.119156,0.0248189,0.992565,-5.53441e-16,-5.62732,-1.69385,82.5195,1,0.999248,0.000908468,0.0387564,0,-0.000962559,0.999999,0.00137702,0,-0.038755,-0.00141329,0.999248,0,-0.0112971,0.00540348,-0.465477,1,1.8071,1.9252;0.0385302
100,397,288,0.986959,-0.0117847,-0.160537,1.29737e-16,0.00756016,0.99961,-0.0269005,9.75469e-18,0.160791,0.025336,0.986663,-5.48463e-16,-5.53209,-1.70388,82.9483,1,0.999116,-0.000114928,0.0420332,0,7.31955e-05,1,0.000994375,0,-0.0420332,-0.00099042,0.999116,0,-0.0252752,0.0208435,-0.438103,1,1.84228,1.92729;0.00428254
101,389,260,0.97847,-0.011902,-0.206046,1.54986e-16,0.00626303,0.999588,-0.0279982,1.03202e-17,0.206294,0.026105,0.978142,-5.4186e-16,-5.41912,-1.72456,83.3554,1,0.998928,-0.00110374,0.0462687,0,0.00104277,0.999999,0.00134188,0,-0.0462701,-0.00129219,0.998928,0,-0.0269116,0.0313628,-0.420947,1,1.88762,1.93165;0.0103449
102,393,258,0.966632,-0.015178,-0.25572,1.82461e-16,0.00853908,0.999598,-0.0270521,9.87905e-18,0.256028,0.0239658,0.966372,-5.33244e-16,-5.29537,-1.76075,83.7516,1,0.998691,0.00203198,0.0511135,0,-0.00195801,0.999997,-0.00149732,0,-0.0511164,0.00139527,0.998692,0,-0.0188371,0.0458379,-0.413733,1,1.86194,1.92036;0.0219844
103,412,281,0.951006,-0.0161815,-0.308749,2.11657e-16,0.00970706,0.9997,-0.0224944,7.36264e-18,0.30902,0.0183953,0.950878,-5.22385e-16,-5.14322,-1.77267,84.1389,1,0.998471,-3.80154e-05,0.0552703,0,0.00029805,0.999989,-0.00469654,0,-0.0552695,0.00470584,0.99846,0,-0.0253037,0.0191516,-0.415114,1,1.71532,1.92497;0.0123474
104,417,299,0.931027,-0.0170028,-0.364553,2.42239e-16,0.0105386,0.99975,-0.019714,5.8323e-18,0.364797,0.0145124,0.930974,-5.08945e-16,-4.96211,-1.78494,84.5063,1,0.998243,-6.84823e-05,0.0592526,0,0.000240297,0.999996,-0.00289258,0,-0.0592521,0.00290173,0.998239,0,-0.034902,0.0175955,-0.407902,1,1.63327,1.91623;0.0156362
105,405,285,0.906579,-0.0177012,-0.421665,2.73377e-16,0.0111689,0.999776,-0.017957,4.86943e-18,0.421888,0.0115699,0.906574,-4.9293e-16,-4.7648,-1.79871,84.8544,1,0.99807,-5.41705e-05,0.0620986,0,0.000169947,0.999998,-0.00185911,0,-0.0620983,0.00186608,0.998068,0,-0.0323279,0.017819,-0.398673,1,1.6045,1.91652;0.00938925
106,427,280,0.877631,-0.017812,-0.479005,3.04461e-16,0.0120624,0.999814,-0.015078,3.28622e-18,0.479184,0.00745497,0.877683,-4.74375e-16,-4.54085,-1.80065,85.1763,1,0.997937,-0.000404618,0.0641987,0,0.000595568,0.999995,-0.00295525,0,-0.0641972,0.00298739,0.997933,0,-0.0424142,0.00408909,-0.389779,1,1.54129,1.92614;0.0106259
107,415,257,0.844316,-0.0138588,-0.535666,3.34965e-16,0.00999126,0.999899,-0.0101213,4.16224e-19,0.535752,0.00319363,0.84437,-4.53362e-16,-4.28956,-1.81216,85.4745,1,0.997832,-0.00419343,0.0656782,0,0.00440494,0.999986,-0.00307592,0,-0.0656644,0.00335856,0.997836,0,-0.0525605,0.0120197,-0.38643,1,1.43777,1.91715;0.0126682
108,412,269,0.807189,-0.0140321,-0.590127,3.64104e-16,0.010691,0.999901,-0.0091523,-1.00677e-19,0.590197,0.00107859,0.807259,-4.30311e-16,-4.03106,-1.83102,85.7585,1,0.997828,7.16901e-05,0.0658769,0,7.06452e-06,0.999999,-0.00119525,0,-0.065877,0.00119312,0.997827,0,-0.0413413,0.0186918,-0.381799,1,1.45239,1.91734;0.00510973
109,385,246,0.767969,-0.0129176,-0.640356,3.90772e-16,0.00856036,0.999914,-0.00990453,2.37106e-19,0.64043,0.00212469,0.768014,-4.06246e-16,-3.74673,-1.82877,86.0175,1,0.997969,-0.0012761,0.0636923,0,0.00115473,0.999997,0.00194222,0,-0.0636946,-0.00186473,0.997968,0,-0.0525001,-0.00212489,-0.380977,1,1.47007,1.9197;0.0209737
110,408,240,0.724537,-0.0156068,-0.689059,4.16436e-16,0.00646322,0.999853,-0.0158501,3.49656e-18,0.689206,0.00703047,0.724532,-3.79879e-16,-3.45491,-1.83609,86.2908,1,0.997867,0.00219755,0.0652393,0,-0.00257836,0.99998,0.00575357,0,-0.0652253,-0.00590951,0.997853,0,-0.0232358,0.00976788,-0.39908,1,1.68888,1.90742;0.0252886
111,397,259,0.679761,-0.0155633,-0.733269,4.39504e-16,0.00491384,0.999849,-0.0166661,3.89349e-18,0.733417,0.00772581,0.679735,-3.52931e-16,-3.14854,-1.84637,86.512,1,0.99802,-0.000560249,0.0628901,0,0.000454799,0.999998,0.00169103,0,-0.062891,-0.00165908,0.998019,0,-0.0462186,0.0124569,-0.374978,1,1.74271,1.9116;0.0059075
112,398,272,0.634412,-0.0134758,-0.772878,4.59951e-16,0.00318536,0.999885,-0.0148192,2.78584e-18,0.772989,0.00693956,0.634382,-3.25847e-16,-2.83092,-1.88325,86.6892,1,0.998185,-0.00252983,0.0601673,0,0.00252452,0.999997,0.00016417,0,-0.0601675,-1.19788e-05,0.998188,0,-0.0650288,0.0384947,-0.357681,1,1.80081,1.90363;0.0312188
113,391,203,0.588301,-0.00778356,-0.808604,4.78164e-16,-0.00196146,0.999937,-0.0110524,4.62192e-19,0.808639,0.00808818,0.588249,-2.98492e-16,-2.5137,-1.93656,86.8415,1,0.998283,-0.00617717,0.0582565,0,0.00607413,0.99998,0.00194569,0,-0.0582674,-0.00158849,0.9983,0,-0.0638375,0.0556107,-0.345712,1,1.92132,1.90222;0.053973
114,388,257,0.540991,-0.0102405,-0.840966,4.94484e-16,0.00130293,0.999935,-0.0113381,7.53195e-19,0.841027,0.00503809,0.54097,-2.70599e-16,-2.18735,-1.9495,87.0193,1,0.998354,0.00215149,0.0573078,0,-0.00200631,0.999995,-0.00259087,0,-0.0573131,0.00247163,0.998353,0,-0.0272048,0.0145353,-0.370562,1,1.92071,1.89022;0.0244893
115,371,189,0.49189,-0.0145853,-0.870535,5.09173e-16,0.00672397,0.999893,-0.0129533,1.87801e-18,0.870632,0.000518132,0.491935,-2.41823e-16,-1.85702,-1.95075,87.1967,1,0.998348,0.00429147,0.0572981,0,-0.00407322,0.999984,-0.00392514,0,-0.057314,0.00368527,0.998349,0,-0.0080789,0.0013198,-0.37486,1,1.86109,1.88855;0.0260131
116,366,226,0.445819,-0.0152805,-0.894993,5.21088e-16,0.0100978,0.999877,-0.0120413,1.50006e-18,0.895066,-0.0036692,0.445918,-2.14951e-16,-1.51808,-1.97081,87.3423,1,0.998639,0.000865846,0.0521399,0,-0.000688119,0.999994,-0.00342651,0,-0.0521426,0.00338597,0.998634,0,-0.0210721,0.018391,-0.368391,1,1.83803,1.88425;0.0192049
117,369,157,0.404625,-0.00690928,-0.914456,5.30339e-16,0.00465517,0.999974,-0.00549562,-2.39804e-18,0.914471,-0.00203329,0.404647,-1.90981e-16,-1.15291,-2.00831,87.4316,1,0.998927,-0.0082862,0.0455632,0,0.00818859,0.999964,0.00232861,0,-0.0455809,-0.00195301,0.998959,0,-0.0663197,0.0362933,-0.370165,1,1.81186,1.8766;0.0341137
118,362,109,0.368047,0.0303458,-0.929312,5.37019e-16,-0.0140008,0.999535,0.027094,-2.14636e-17,0.929702,0.00303929,0.368301,-1.69966e-16,-0.740464,-2.01317,87.3865,1,0.998527,-0.0373474,0.0393647,0,0.0371655,0.999295,0.0053431,0,-0.0395365,-0.00387222,0.999211,0,-0.193585,0.0118476,-0.366814,1,1.25741,1.9626;0.141547
119,366,197,0.33349,0.0330891,-0.942173,5.42855e-16,-0.0221378,0.999383,0.0272625,-2.18824e-17,0.942494,0.0117659,0.334016,-1.50229e-16,-0.360145,-2.03078,87.4723,1,0.999316,-0.00315598,0.0368339,0,0.00287737,0.999967,0.00761451,0,-0.0368567,-0.00750332,0.999292,0,-0.0454774,0.0236814,-0.386876,1,1.53519,1.95765;0.0136205
120,302,199,0.299647,0.0298938,-0.953582,5.47936e-16,-0.0125709,0.999546,0.0273845,-2.15699e-17,0.953967,0.00378165,0.299887,-1.30536e-16,-0.000557363,-2.02349,87.5796,1,0.999357,0.00308086,0.0357179,0,-0.00275518,0.999954,-0.00916374,0,-0.0357444,0.00905944,0.99932,0,-0.00564272,-0.0057038,-0.375242,1,1.3173,1.96199;0.02714
121,289,109,0.268252,0.0199135,-0.963143,5.52115e-16,0.00731612,0.999715,0.0227074,-1.81471e-17,0.963321,-0.0131378,0.26803,-1.12156e-16,0.353673,-1.98636,87.6993,1,0.999412,0.0104242,0.0326752,0,-0.00984286,0.999791,-0.0179017,0,-0.032855,0.0175696,0.999306,0,0.0195208,-0.0424215,-0.372832,1,0.959812,1.98899;0.0616932
122,312,127,0.238648,0.0161975,-0.970971,5.55355e-16,0.0185887,0.999602,0.0212439,-1.68735e-17,0.970928,-0.0231188,0.238252,-9.50527e-17,0.735739,-1.99153,87.8005,1,0.999524,0.00443118,0.030523,0,-0.00410934,0.999935,-0.0105988,0,-0.030568,0.0104683,0.999478,0,0.00718301,-0.00409179,-0.395193,1,1.02603,1.98788;0.0222254
123,298,192,0.213468,0.0189978,-0.976765,5.57591e-16,0.0223295,0.999455,0.0243191,-1.84523e-17,0.976695,-0.027002,0.212927,-8.0562e-17,1.11009,-2.02712,87.8499,1,0.999662,-0.00209561,0.0259027,0,0.00220803,0.999988,-0.00431244,0,-0.0258933,0.00436818,0.999655,0,-0.030957,0.0260084,-0.377108,1,1.04717,1.99688;0.0353384
124,293,142,0.191902,0.0334454,-0.980844,5.58941e-16,0.0253842,0.998916,0.0390281,-2.65972e-17,0.981086,-0.0323876,0.190845,-6.79409e-17,1.48173,-2.05958,87.8588,1,0.999655,-0.0137254,0.0224037,0,0.013859,0.999887,-0.00582154,0,-0.0223212,0.00613003,0.999732,0,-0.0615418,0.0226514,-0.367357,1,1.12082,2.02952;0.06013
